1
300
9
8
7
6
1
5
7
7
12
10
5
12
5
3
7
9
5
15
8
3
4
3
14
2
9
12
11
1
2
3
9
6
14
4
8
4
3
13
14
15
10
14
12
11
12
14
11
15
8
11
8
12
1
3
9
6
9
10
12
1
2
2
8
14
5
6
4
2
8
4
3
6
7
3
9
14
5
12
14
9
3
6
8
2
15
13
7
10
6
8
14
5
6
6
7
4
7
8
11
6
8
12
12
4
15
6
7
13
10
13
12
9
13
5
13
8
8
11
12
10
3
1
15
10
8
4
10
15
10
1
4
5
4
4
1
9
6
12
1
5
14
10
6
10
5
13
15
5
3
11
9
1
12
7
4
8
13
11
15
6
7
15
14
13
15
2
6
11
9
13
2
9
10
14
12
5
8
14
5
14
15
4
12
8
11
6
1
9
15
14
2
1
14
8
7
5
3
15
12
8
4
6
12
5
11
5
8
5
13
3
5
1
9
13
9
11
1
13
12
6
7
7
10
7
15
2
5
8
15
9
5
14
12
4
7
12
2
2
3
11
1
3
8
10
15
7
12
2
6
4
9
1
2
6
6
6
12
7
15
7
13
12
5
4
13
12
7
3
14
13
2
6
12
11
1
11
15
13
11
15
15
9
11
4
7
9
4
8
14
4
14
8
2
13
2
12
14
5
7
3
