203
1925 1
290 
6684 1
229 
6541 1
163 
1267 1
592 
381 1
7 
1191 1
568 
8363 1
421 
4830 1
297 
2471 1
436 
6131 1
123 
5627 1
38 
6638 1
6 
6 1
46 
501 1
266 
2253 1
225 
1132 1
105 
1852 1
453 
3894 1
114 
4815 1
508 
8305 19
38368 54721 86177 413 68054 55034 49195 5448 82989 46303 93597 12372 63507 62895 83764 68416 12187 33976 81358 
5871 20
25723 81484 86954 74943 37162 35879 281 585 20509 71203 73504 49451 24136 89828 37461 91276 97376 52472 60195 59699 
516 10
67237 81719 445 397 9840 73137 30270 42720 93660 32922 
6542 16
1772 16738 41807 25248 39715 15106 7702 313 48087 56004 44310 47151 27834 37335 26640 82613 
143 1
279 
4652 16
46243 80473 32075 31 80138 80157 61260 32335 29804 63203 58884 63342 91221 31267 38038 15793 
3944 10
21773 20268 71849 64848 31687 340 45395 72868 31866 24737 
5040 19
87286 3998 9093 79933 34115 64955 39540 32871 19369 9582 79081 51 34725 17007 50427 447 49205 21936 50896 
149 1
165 
5833 1
474 
104 1
465 
6116 15
33342 11821 95717 43697 80840 394 65759 89575 72477 6227 45011 86820 88451 68753 94088 
4787 18
45187 1381 36092 20830 42675 27898 12470 16997 56766 18158 40 44414 40308 3134 18393 82779 68613 76752 
3952 1
377 
1236 1
47 
9173 16
5107 25082 58756 1298 91665 20583 65662 83756 325 98386 45032 92339 90896 56849 63851 55457 
9507 15
47750 13243 46675 28393 38469 61625 107 426 50520 84733 82357 37861 22639 43700 76685 
2900 12
8159 71673 51805 5624 63775 28661 47321 314 21725 42158 15207 64218 
5706 17
42403 71278 67551 178 91280 96813 764 27554 69256 56978 571 44033 76629 32364 7280 96393 98357 
9413 17
77804 43304 49797 87152 56866 21171 37757 41591 41002 127 78612 77867 70530 9212 98988 8928 49055 
2336 9
99160 27531 59383 43797 411 43687 5878 22314 80771 
416 17
34561 80870 97542 84065 57140 27052 96196 19674 78548 348 71411 61397 10280 1508 85782 58698 82929 
1752 18
14089 63175 83265 78980 50923 34219 66285 3907 56345 3970 67044 30714 88425 70743 14251 6294 226 40002 
4906 16
3596 4488 67138 23700 44835 64655 59374 85861 35339 350 34317 85691 41014 81204 67520 73776 
1206 15
57083 9757 28134 10284 34508 74934 94304 12093 68885 27956 22418 459 33921 15124 53318 
1543 18
496 80319 47097 4455 98801 1636 25996 3414 55319 68795 52022 37255 24628 86630 99264 50525 12232 81675 
670 17
3678 2649 55431 49807 88282 32941 56364 30092 26758 69335 78 44753 87611 69896 94579 4271 30010 
2208 1
393 
2882 12
34082 54090 7897 16292 24478 130 48828 78934 83698 34255 65860 6626 
5387 20
7167 41478 79307 59020 96791 25220 63514 18480 55566 367 55447 28799 173 73041 9852 7927 92732 82531 5901 31591 
833 18
51090 45872 95562 29534 11423 14187 45371 78240 333 67330 81677 89085 36639 61334 75751 5310 51085 59692 
2181 11
79324 37824 59218 52521 26882 88255 32199 41475 473 40055 66690 
4235 16
6103 60209 9720 55633 45153 66402 68 67460 60064 96640 41306 17902 58029 57838 55460 46539 
3901 18
8787 30144 13562 97039 35749 32873 49131 90093 21202 89833 49432 37220 97559 98025 492 84781 48446 23010 
4736 1
406 
4599 1
309 
7632 18
82163 1785 11612 1925 92248 77879 34257 65059 76715 55355 85614 23324 99098 88696 6346 48004 446 5954 
6797 15
69632 10669 24163 40722 94660 21986 89882 159 62351 43085 40587 18725 45975 56434 88528 
3290 18
17413 84907 10959 76 90740 81172 9508 23482 43961 91742 93512 18661 28385 33484 3676 82662 79759 14447 
3974 1
326 
267 9
16803 99523 40885 111 90040 72998 60349 38653 82925 
5009 19
51575 63181 66666 37596 72454 68079 16985 46546 64435 15 17739 42843 41038 27183 11343 38097 13338 34772 80430 
3053 19
68751 41613 438 48584 73658 49770 30954 44512 21627 36424 30847 34843 49748 34348 69322 6028 69627 62092 66872 
8807 18
34842 51647 88402 81309 13785 57615 41362 33233 82535 81048 98147 66580 44991 22375 91 39161 55055 21051 
2741 17
58432 85374 50206 53183 68076 28434 49311 6603 442 77427 50094 53845 78420 82793 97645 97943 11317 
4578 11
24807 90374 4233 502 33938 4369 41935 88427 2014 27469 81001 
2254 17
44466 76904 9467 60219 85511 5928 66899 76263 34174 19054 70 56855 11472 90693 18081 13321 82283 
417 20
60189 95889 53611 15324 54617 6910 99685 94957 10368 275 67351 47041 23860 96586 66048 93582 1989 24763 35858 42052 
2659 20
84074 44006 80049 37601 5766 42331 17881 69811 21616 28294 64490 66139 30567 298 87495 59093 76957 2764 29085 47745 
2325 20
29651 7115 28641 35649 164 9016 88131 62375 96724 62261 356 84942 77998 51699 99729 89195 78626 67783 99825 72250 
655 1
458 
7636 18
48773 70981 49689 18326 37845 63153 38814 77319 49881 81075 40184 5647 91960 91337 76790 37282 64879 85 
3795 9
73797 72062 93681 28233 63779 560 3783 16388 80409 
1982 15
78579 87622 361 96759 84818 31774 52438 29932 81338 25876 32294 91896 16936 94342 12602 
2298 15
84018 20532 30148 5817 8565 60675 596 97345 33487 46638 9098 20310 39877 97395 49781 
2238 11
27 29958 47141 8714 89184 15368 27339 21263 59591 97933 451 
8978 15
42756 47581 71837 59571 35943 328 83323 32316 75407 34377 95640 71838 47102 39648 54607 
586 15
52453 83289 17775 47248 60971 37371 13560 124 42305 76200 54612 80869 90310 64167 95113 
3006 13
14842 68702 7983 26246 98455 30322 4118 20 32816 99606 53459 32318 13703 
8517 11
69886 55274 52 40765 455 97030 72582 9891 11733 75137 79117 
1400 1
285 
3085 13
99787 28359 48837 70384 78682 11239 33003 90 71776 53465 64261 50016 95701 
242 16
10942 98978 17280 20744 89742 45438 86949 43269 48235 10820 70018 36153 19002 23468 78106 189 
2246 17
61646 39597 41010 84273 20085 64569 38297 80153 99135 19695 355 15819 80401 4035 3409 69300 96667 
603 1
448 
2499 18
82443 7683 31773 63817 15218 13464 41736 79500 73225 79375 194 15149 54680 8014 57138 42073 96629 80890 
6264 1
337 
9971 16
35042 1694 49710 43009 43708 96296 94187 39106 29304 24796 5995 16829 49050 183 77332 25659 
17 11
25571 96442 29228 51970 45853 260 72496 44591 7594 55850 16957 
6059 18
60836 2018 31664 8570 29708 85956 10252 98007 38137 41285 24175 8951 379 91034 83649 77984 93513 56369 
2689 18
98996 83109 35017 43842 253 62990 66720 95605 9358 126 45815 2596 82105 42074 61171 1829 29086 33051 
8944 12
20741 51992 82373 59537 257 65478 95547 35574 7963 19502 54016 26561 
7722 14
78089 24865 9578 64252 63920 32334 67105 19401 15482 4443 378 80584 43679 44387 
4689 18
99444 27622 39603 91747 89095 51478 31755 92934 18658 196 70193 3512 99016 58053 39358 84686 93473 98643 
6079 17
76709 26665 22024 72673 77000 49 81771 10997 61223 36151 80276 97034 12844 16853 15659 49798 51612 
2709 20
39089 87374 18647 38049 25871 45712 7110 98491 12126 36546 24031 25044 336 90342 34423 82438 80085 18216 26392 23723 
13 16
46105 34910 80223 92709 292 90680 84405 59458 25167 33975 22579 80593 14748 65060 54831 19001 
2113 15
9172 45106 53848 37045 7319 566 72109 2314 28093 99142 58214 20053 61027 22652 45846 
5483 20
85428 19870 56583 64670 79057 71115 90682 58692 43895 3007 27152 53064 72869 6052 31651 61410 471 48618 54838 70522 
4140 11
36041 88449 95396 67900 30868 427 35390 87720 88837 56996 69777 
1582 15
54454 54021 84754 38920 39748 12345 65021 76206 61993 17924 259 30935 14923 74083 51829 
2593 14
24237 6263 85202 58783 95838 79044 89210 57482 50565 400 64211 30202 71064 9711 
5789 17
31614 62416 50132 69491 13429 78124 87405 97026 61402 347 16737 34964 30447 5401 15119 54566 89758 
1408 1
591 
4080 12
28800 73737 49037 5316 69151 53045 51559 42079 95349 61539 24364 452 
9254 1
89 
2514 19
4266 71331 75230 49575 50825 9566 87400 78308 96852 41775 9548 61451 60439 3575 45178 10028 197 47355 22132 
5186 14
82201 96388 27173 41188 12233 67756 50270 358 84 34001 53964 54446 5803 54341 
190 16
8471 13152 79368 892 43926 92682 385 38946 47240 31629 40913 22827 467 47540 74195 72815 
1517 11
28432 76465 17950 48 42578 8631 48600 99024 51753 40074 16705 
1426 15
5877 99909 66273 75449 27306 80089 77729 404 14568 46981 89578 63298 75653 30643 33345 
4122 16
18515 5386 48270 58201 92955 57256 71334 94309 95221 301 54626 94737 36642 5509 96715 10305 
8072 14
45733 69059 25731 95354 61889 61534 27615 531 71119 5409 29735 175 20359 62133 
2895 14
31476 58208 23284 466 30259 76679 11801 51637 47008 44707 43937 62396 41395 95722 
8545 18
291 40434 86789 71842 14742 96043 15958 39420 44714 32188 83585 2176 64006 62496 6686 46325 61670 17299 
3490 17
63597 16656 47025 42799 9197 523 36562 28515 26137 28574 53819 26325 73667 38819 25948 90057 9042 
2950 1
470 
591 20
94574 13947 81663 4934 24529 53076 93494 17873 63788 20925 56387 13749 97 10485 56038 36684 1056 81750 6503 2324 
928 15
66655 89887 28534 507 14961 919 488 16047 81869 63385 30920 46933 43078 28109 20221 
7331 17
86290 63990 43114 14327 9848 41586 79397 5 19970 70136 27423 20211 90883 99870 1203 48211 30168 
1647 18
3145 17575 10464 15391 81694 39758 18061 32278 77604 83803 54832 2969 87101 428 76413 91660 23553 3804 
1606 19
73298 82204 89988 22806 87052 81083 70198 74681 14572 443 93400 81745 60313 70712 95307 70957 16695 92791 5223 
5987 17
91492 67709 14442 69143 54394 6334 61982 65119 39286 302 73360 33048 86389 11912 82209 41322 61104 
1465 1
96 
9553 20
22616 73449 64309 44997 21529 78814 33033 45017 81772 15090 95899 84565 10375 86467 87340 22578 60561 323 66104 42722 
9186 19
97965 18182 27093 40218 33868 65358 71922 50766 63454 81937 13202 52864 20233 181 15383 66193 20596 215 28208 
320 10
17918 12364 2459 338 38859 41305 76245 39993 49966 33873 
2452 13
69153 23093 24315 56134 71564 504 61212 44147 4839 90870 65541 27603 14061 
6833 13
58466 98776 18372 98092 66898 17035 61538 34697 19467 133 96624 18881 83173 
5502 13
50235 74739 66290 538 95575 31933 87547 59022 77010 7192 37230 44134 86072 
3311 11
46611 37640 63686 63667 564 85012 22387 46578 69844 14199 79497 
8151 18
1257 96836 65535 66831 26537 65318 66137 62687 277 58530 11597 44241 3631 90318 27365 1375 69333 88567 
6924 20
21608 26289 35243 79444 63846 321 79063 52515 72342 85194 914 11872 74130 437 72444 28224 99091 71058 74778 17326 
4515 1
373 
8559 13
99441 14775 66237 59052 132 97172 396 67314 36135 56183 21261 71563 37368 
9014 20
56149 24627 86615 76375 120 73267 70324 82025 85543 58181 45285 48580 97547 380 54011 76922 52811 97275 72528 16391 
4031 12
21865 23312 25081 42384 98798 75391 87 80314 96702 46184 18789 37780 
998 19
62563 84043 89149 47095 48139 47320 88412 62403 528 10341 75094 84235 5972 73761 94734 13501 71692 57320 87016 
4505 20
92689 35044 69017 60299 5592 98317 15975 235 14107 75328 88946 77005 92462 83208 35844 35914 67702 64246 580 68846 
1320 15
31809 547 71929 95130 43991 8748 16744 47670 56770 15828 86472 44341 70799 79681 35717 
4016 1
416 
6375 12
1904 28508 92 32073 78874 5326 71000 51536 87885 35066 66779 9917 
4353 15
21369 9090 22716 10608 410 94528 112 99745 91043 80859 48790 44163 1330 89064 3546 
345 11
74941 57540 73629 65882 56579 46463 441 34580 38554 29004 58127 
3913 1
536 
5935 10
91765 74948 42760 85177 304 16035 6027 18249 16468 4499 
1891 14
88758 16901 44635 94152 11862 50857 440 56835 15420 51531 80708 483 61573 57808 
1324 13
20067 78222 11868 44802 19057 13244 37120 251 46007 25207 31645 41044 58669 
8738 17
10840 41936 47390 46844 34438 36519 89237 1081 88550 42857 485 20614 2052 68221 92795 33701 69069 
2504 16
67989 370 48916 56410 34013 24035 7223 53082 22770 70525 83227 449 58878 86931 95592 33155 
819 20
56340 32648 9051 46521 375 821 38840 32313 90790 59985 36266 56750 46094 36913 4057 30841 83060 71082 63321 42237 
2524 20
53354 35547 42163 88784 84253 70940 57799 85366 38801 2294 4644 4246 72656 11 63605 15506 64775 82134 87577 41726 
3359 14
42643 60390 98757 10427 121 29653 88827 4629 35819 21187 85157 67275 60622 83642 
9572 13
42095 19669 87140 60573 344 14704 93520 503 36646 9411 26027 95610 27562 
7777 16
58955 47567 36507 79701 90702 26636 28038 408 59567 91120 64101 14376 91346 20705 57641 93426 
6293 1
371 
2249 16
29095 17447 135 62091 86150 97907 67000 17424 14930 70160 60533 66924 78423 51140 81317 1105 
5422 12
58259 88464 31414 28998 60103 16993 81 24774 40041 36869 30654 62 
4197 16
572 30356 59270 84616 21910 179 70065 32649 82073 56557 2004 54916 98371 28979 72414 25681 
7725 1
286 
311 16
98158 9234 61621 77658 14278 90667 12715 25499 37806 294 16057 23380 81915 51679 99037 62846 
5366 15
33161 14039 23 41903 66142 76361 57030 16062 38705 76090 9101 65998 3052 78173 12311 
4091 1
412 
1395 1
468 
3754 11
63114 51069 8201 34639 47776 346 82099 2388 30855 12337 46016 
6427 1
434 
1372 19
50293 69843 1971 31688 25894 29144 82692 62050 24810 10712 87845 216 28722 44736 99732 31443 83496 11573 64553 
24 20
77741 46741 480 62132 51615 88984 44558 38835 47774 33209 46348 1864 264 68370 17724 37301 90615 67938 29104 79114 
3070 12
78460 83749 66291 50420 161 30352 77333 327 57246 5685 10250 90146 
4081 11
37990 27106 24638 95848 83080 63916 44128 460 98121 22155 45781 
1751 19
45212 59370 98930 76085 75106 5504 82455 530 38477 10173 77078 23485 51072 1225 85976 25177 18610 13126 3221 
1701 18
19724 79134 63248 43410 55136 43986 34785 56852 78479 80238 11999 77303 25578 70194 76612 3673 78977 192 
1553 20
21370 96651 68934 30234 2859 34675 69645 54830 66173 60459 50422 14183 422 342 93628 19105 30699 69349 40468 1360 
3575 19
141 43838 90036 417 45751 18291 47007 3658 26319 91824 66158 23965 25555 25939 87913 12450 13730 9800 41173 
319 15
61579 55351 30045 71080 1286 56712 44632 3195 108 12761 65450 9703 13491 2162 29987 
4363 11
48431 63050 60105 3564 58780 33146 31016 9418 97137 33321 54 
567 14
96370 84295 79659 53737 48507 17944 34923 30675 83 97810 45883 32849 66657 52586 
8992 17
97280 29510 18910 401 87926 52797 88149 250 67477 50949 18711 92362 97880 72022 56843 91782 67432 
8690 17
62579 53648 61514 33944 2311 8 65258 69184 54329 65552 139 41975 78134 17430 35404 62589 42877 
4819 11
75208 84548 63796 26213 31965 90984 99325 557 60731 81331 60756 
4145 1
582 
3477 1
73 
3821 1
58 
5438 14
94553 68452 6373 49632 76256 87397 527 41381 12924 98 13272 60056 89930 44812 
7300 16
2742 15681 21874 40281 51440 234 36448 20965 5583 89327 6593 95797 1986 22681 89648 40394 
560 16
494 6850 81791 81657 41064 13308 72904 43582 44992 7354 51380 15010 18659 87742 50900 31826 
4095 1
549 
1736 14
64976 38986 69424 79834 14500 25645 34738 76014 85057 303 87013 17055 28835 63766 
8813 16
27263 37505 68709 59781 37144 35767 87692 31128 54251 395 262 11616 42476 45398 16129 44950 
4914 11
89836 53581 64661 156 16410 98086 51134 78860 65108 26633 72650 
9551 19
128 890 68433 49330 3926 64859 24344 70188 50243 80604 86063 93897 36653 47600 34515 540 65564 13372 45817 
6855 10
73913 64651 46589 17193 30386 19505 34803 11995 268 39570 
3822 20
14294 40501 78375 11854 99707 31244 252 74827 13488 21122 50770 44602 53 289 89133 65501 54795 649 40183 25858 
6134 1
3 
1305 20
32496 19686 19682 2 82176 16546 80068 75980 67935 63400 463 24 86033 771 1409 16862 64397 66909 85390 53253 
2440 12
29022 44569 273 95859 17250 48961 51054 38466 36019 52280 32503 95621 
1766 19
77826 24458 75696 6660 12421 81273 53596 554 13224 67168 50775 75892 61094 74387 52409 72289 93776 69757 79777 
4527 15
4243 28146 41000 138 37528 46863 25710 59219 36432 57500 53179 98568 66696 46180 42377 
2168 1
32 
1677 11
29802 54400 63820 195 16854 85590 88443 599 79581 24426 34545 
9999 13
8003 76523 59558 19634 131 46079 36075 47547 52506 25732 69352 5307 47804 
8909 15
435 21309 115 40426 64102 20547 68007 43909 75742 2667 6919 40305 95429 54987 75049 
1054 10
91174 4258 85758 519 88679 23370 30365 76328 52349 90198 
1226 14
44968 22973 44775 75758 8998 64032 94276 77342 46361 86281 62617 233 96907 95939 
